11, 32
18, 30
10, 12, 16, 29
14, 17, 18, 41
19, 23, 34
15, 40, 45
0, 29, 32, 46
9, 15, 26
23
33, 35
28, 39
5, 33, 35, 40
2, 8, 29, 37, 39
4, 19, 34, 47, 48
18, 30, 41, 42
7, 9, 26, 33
25, 37
3, 14, 18, 41
14, 30, 41
4, 13, 23, 34, 47, 48
22, 24, 31
32
43, 46
8, 13, 27, 36, 47
0, 43, 46
28, 39
9, 11, 33
4, 8, 36, 38
16
12, 28, 44
3, 41, 42
6, 20, 21
0, 10, 20, 22, 24, 43
7, 12, 15, 35, 40
4, 13, 23
5, 11, 40
27
16, 25, 44
8, 19, 47
16, 27, 29
7, 12, 15, 29, 38, 45
1, 14, 17
3, 18
0, 22
12, 25, 39
5, 11, 33
0, 6, 22, 24, 31, 44
13, 23, 36
13, 19, 47
