6, 24, 32, 43, 46
41
12
17, 30, 42
13, 19, 27, 34
11, 35, 45
31, 46
15, 33, 40
12, 23, 27, 38
7, 15, 26
2, 32
0, 26, 35, 45
2, 29, 33, 40, 44
19, 23, 34, 47, 48
3, 17, 18, 41
5, 7, 33, 40
2, 28, 37, 39
3, 41
1, 3, 14, 17, 42
4, 13, 38, 48
31, 32
31
20, 32, 43, 46
4, 8, 19, 34, 47
20, 32, 46
16, 37, 44
7, 15
23, 36, 39
10, 25, 29
2, 6, 12, 39, 40
1, 14, 18
20, 46
0, 6, 21
9, 11, 15, 26, 45
4, 13, 19
9, 11, 33
23, 27, 47
12, 16
27, 40
10, 12, 25, 44
5, 11, 33, 35
3, 14, 17, 18, 30
14, 30
22, 24, 32
29, 37, 46
5, 40
6, 22, 24
13, 19, 23, 38, 48
13, 19

